r0
((((((1,2),3),4),(((5,(6,7)),8),(9,((10,11),12)))),((((13,14),(15,16)),(17,18)),19)),20);

r1
((((((1,#H1),(3,(2)#H1)),4),(((5,(6,7)),8),(9,((10,11),12)))),((((13,14),(15,16)),(17,18)),19)),20);

r2
((((((1,#H1),(3,(2)#H1)),4),(((5,(6,7)),8),(9,((10,#H2),(12,(11)#H2))))),((((13,14),(15,16)),(17,18)),19)),20);

r3
((((((1,#H1),(3,(2)#H1)),4),(((5,(6,7)),8),(9,((10,#H2),(12,(11)#H2))))),((((13,14),(15,16)),#H3),((17,18),(19)#H3))),20);

r4
((((((1,#H1),(3,(2)#H1)),4),(((5,#H4),((6,7),(8)#H4)),(9,((10,#H2),(12,(11)#H2))))),((((13,14),(15,16)),#H3),((17,18),(19)#H3))),20);

r5
(((((((13,14),(15,16)),#H3),((17,18),(19)#H3)),#H5),((((1,#H1),(3,(2)#H1)),4),((((5,#H4),((6,7),(8)#H4)),(9,((10,#H2),(12,(11)#H2)))))#H5)),20);
