r0
(((1,(((2,3),4),(5,6))),(7,(8,(9,10)))),((((((11,((12,(13,14)),15)),(16,17)),18),(19,20)),(21,(22,((23,24),((25,26),(27,28)))))),(29,30)));

r1
(((1,(((2,#H1),((3)#H1,4)),(5,6))),(7,(8,(9,10)))),((((((11,((12,(13,14)),15)),(16,17)),18),(19,20)),(21,(22,((23,24),((25,26),(27,28)))))),(29,30)));


r2
(((1,(((2,#H1),((3)#H1,4)),(5,6))),(7,(8,(9,10)))),((((((11,(((12,#H2),((13)#H2,14)),15)),(16,17)),18),(19,20)),(21,(22,((23,24),((25,26),(27,28)))))),(29,30)));


r3
(((1,(((2,#H1),((3)#H1,4)),(5,6))),(7,(8,(9,10)))),((((((11,(((12,#H2),((13)#H2,14)),15)),(16,17)),18),(19,20)),((21,#H3),((((23,24),((25,26),(27,28))))#H3,22))),(29,30)));


r4
(((1,(((2,#H1),((3)#H1,4)),(5,6))),(7,(8,(9,10)))),((((((11,(((12,#H2),((13)#H2,14)),15)),(16,17)),18),(19,20)),((21,#H3),((((23,24),((25,#H4),(((27,28))#H4,26))))#H3,22))),(29,30)));

r5
((((1,(((2,#H1),((3)#H1,4)),(5,6))),(7,(8,(9,10)))),#H5),(((29,30))#H5,((((((11,(((12,#H2),((13)#H2,14)),15)),(16,17)),18),(19,20)),((21,#H3),((((23,24),((25,#H4),(((27,28))#H4,26))))#H3,22))))));